[gd_scene load_steps=6 format=3 uid="uid://c43ipgtxg7w3m"]

[ext_resource type="PackedScene" uid="uid://c232a40vlq5m7" path="res://cube.blend" id="1_jgbb0"]
[ext_resource type="Script" path="res://Character.gd" id="2_foggx"]
[ext_resource type="PackedScene" uid="uid://b1tfmrwv0gfvl" path="res://playermesh.tscn" id="3_tkjh3"]
[ext_resource type="Script" path="res://Character2.gd" id="4_04rso"]
[ext_resource type="PackedScene" uid="uid://duny2gowsdxhg" path="res://char2graphics.tscn" id="5_3cluy"]

[node name="Node3D" type="Node3D"]

[node name="LookTarget" type="Node3D" parent="."]
transform = Transform3D(1, 0, 0, 0, 1, 0, 0, 0, 1, -4.86185, 1.2152, 2.48784)

[node name="cube" parent="LookTarget" instance=ExtResource("1_jgbb0")]
transform = Transform3D(0.2, 0, 0, 0, 0.2, 0, 0, 0, 0.2, 0, 0, 0)

[node name="Camera3D" type="Camera3D" parent="."]
transform = Transform3D(0.771125, 0, 0.636684, 0, 1, 0, -0.636684, 0, 0.771125, 2.34181, 1.39753, 3.78611)
current = true

[node name="Character" type="Node3D" parent="."]
script = ExtResource("2_foggx")

[node name="playermesh" parent="Character" instance=ExtResource("3_tkjh3")]

[node name="Character5" type="Node3D" parent="."]
transform = Transform3D(-0.954818, 0, 0.297191, 0, 1, 0, -0.297191, 0, -0.954818, 0, 0, -1.99648)
script = ExtResource("2_foggx")

[node name="playermesh" parent="Character5" instance=ExtResource("3_tkjh3")]

[node name="Character3" type="Node3D" parent="."]
transform = Transform3D(0.584575, 0, -0.811339, 0, 1, 0, 0.811339, 0, 0.584575, -2.47562, 0, 0)
script = ExtResource("2_foggx")

[node name="playermesh" parent="Character3" instance=ExtResource("3_tkjh3")]

[node name="Character2" type="Node3D" parent="."]
transform = Transform3D(1, 0, 0, 0, 1, 0, 0, 0, 1, 1.8, 0, 0)
script = ExtResource("4_04rso")

[node name="char2graphics" parent="Character2" instance=ExtResource("5_3cluy")]

[node name="Character4" type="Node3D" parent="."]
transform = Transform3D(-0.0143985, 0, 0.999896, 0, 1, 0, -0.999896, 0, -0.0143985, 3.05225, 0, 0)
script = ExtResource("4_04rso")

[node name="char2graphics" parent="Character4" instance=ExtResource("5_3cluy")]
